Filetype: Flipper SubGhz Key File
Version: 1
Frequency: 868350000
Preset: FuriHalSubGhzPresetOok650Async
Latitute: 0.000000
Longitude: 0.000000
Protocol: CAME
Bit: 12
Key: 00 00 00 00 00 00 0C F1
