Filetype: Flipper SubGhz Key File
Version: 1
Frequency: 433920000
Preset: FuriHalSubGhzPresetOok650Async
Latitute: 0.000000
Longitude: 0.000000
Protocol: Security+ 2.0
Bit: 62
Key: 00 00 3D 14 BC 4D BF C9
Secplus_packet_1: 00 00 3C 18 25 73 A8 30
