Filetype: Flipper SubGhz Key File
Version: 1
Frequency: 300000000
Preset: FuriHalSubGhzPresetOok650Async
Latitute: 0.000000
Longitude: 0.000000
Protocol: Linear
Bit: 10
Key: 00 00 00 00 00 00 00 12
